td_0_string=~y~Fetching_Achievement_Data...
td_0_data=245.000000 111.000000 3 1 1 0 0.295833 1.700000 -1 255 50 0 400.000000 17.000000 0 1 1 0 1 1 -10.000000 0.000000 -20.000000 1.000000 255 255 50 
td_0_bar_data=100.000000 0 
td_1_string=~w~Vehicle_Nitro:_~g~Available~n~~w~Vehicle_Fix:_~g~Avaiable
td_1_data=3.000000 281.000000 1 0 1 0 0.379166 1.300000 -1 255 50 1 160.000000 14.000000 0 1 1 0 1 1 -10.000000 0.000000 -20.000000 1.000000 255 255 50 
td_1_bar_data=100.000000 0 
