td_0_string=~g~Achievement_Completed
td_0_data=183.000000 157.000000 2 1 1 0 0.529166 2.000000 -1 255 50 0 400.000000 17.000000 0 1 1 0 1 1 -10.000000 0.000000 -20.000000 1.000000 255 255 50 
td_0_bar_data=100.000000 0 
td_1_string=Richest Player
td_1_data=265.000000 204.000000 0 1 2 0 0.600000 2.000000 -65281 255 88 0 400.000000 17.000000 0 1 1 0 1 1 -10.000000 0.000000 -20.000000 1.000000 255 255 88 
td_1_bar_data=100.000000 0 
