td_0_string=Gang_Zone:
td_0_data=454.000000 362.000000 2 1 1 0 0.195833 1.600000 -1 255 50 0 400.000000 17.000000 0 1 1 0 1 1 -10.000000 0.000000 -20.000000 1.000000 255 255 50 
td_0_bar_data=100.000000 0 
