td_0_string=~y~~h~Freeroam_~b~~h~World
td_0_data=19.000000 317.000000 0 1 2 0 0.412499 1.899999 -1 255 50 0 400.000000 17.000000 0 1 1 0 1 1 -10.000000 0.000000 -20.000000 1.000000 255 255 50 
td_0_bar_data=100.000000 0 
td_1_string=~y~Stunt~w~/~r~Minigames~w~/~g~Fun
td_1_data=10.000000 430.000000 2 1 1 0 0.237498 1.700000 -1 255 50 0 400.000000 17.000000 0 1 1 0 1 1 -10.000000 0.000000 -20.000000 1.000000 255 255 50 
td_1_bar_data=100.000000 0 
td_2_string=~y~Points~w~:~n~__~b~Score~w~:_100~n~__~r~Cash~w~:_$20,000,000
td_2_data=17.000000 249.000000 3 1 1 0 0.304162 1.499999 -1 255 50 0 400.000000 17.000000 0 1 1 0 1 1 -10.000000 0.000000 -20.000000 1.000000 255 255 50 
td_2_bar_data=100.000000 0 
td_3_string=1300_KM/H
td_3_data=99.000000 403.000000 2 1 2 0 0.283333 1.950000 16777215 255 50 0 400.000000 17.000000 0 1 1 0 1 1 -10.000000 0.000000 -20.000000 1.000000 255 255 50 
td_3_bar_data=100.000000 0 
td_4_string=~y~[~y~Oblivion_~w~gone_to_~p~/restanrant
td_4_data=274.000000 415.000000 2 1 1 0 0.141662 1.149996 -1 255 50 0 400.000000 17.000000 0 1 1 0 1 1 -10.000000 0.000000 -20.000000 1.000000 255 255 50 
td_4_bar_data=100.000000 0 
td_5_string=Use /v to spawn your vehicle
td_5_data=268.000000 427.000000 2 1 1 0 0.162496 1.500000 35839 255 50 0 400.000000 17.000000 0 1 1 0 1 1 -10.000000 0.000000 -20.000000 1.000000 255 255 50 
td_5_bar_data=100.000000 0 
td_6_string=~w~Your_~y~GodMode_~w~has_been_~r~disabled
td_6_data=90.000000 350.000000 1 1 1 0 0.174998 1.250000 -1 255 50 0 400.000000 17.000000 0 1 1 0 1 1 -10.000000 0.000000 -20.000000 1.000000 255 255 50 
td_6_bar_data=100.000000 0 
td_7_string=~g~GODMODE
td_7_data=542.000000 80.000000 2 1 2 3 0.416666 1.799998 -1 255 99 0 321.500000 20.500000 0 1 1 0 1 1 -10.000000 0.000000 -20.000000 1.000000 255 255 99 
td_7_bar_data=100.000000 0 
td_8_string=~y~Objects_Loading...
td_8_data=239.000000 368.000000 2 1 1 0 0.391665 2.000000 -16776961 255 202 1 400.000000 17.000000 0 1 1 0 1 1 -10.000000 0.000000 -20.000000 1.000000 255 255 202 
td_8_bar_data=100.000000 0 
